route_id,service_id,trip_id,trip_headsign,direction_id,shape_id
64,0000000072022061220220731,0000191382022061220220731,,0,
64,0000000072022090120230610,0000191382022090120230610,,0,
64,0000000072022061220220731,0000191392022061220220731,,0,
64,0000000072022090120230610,0000191392022090120230610,,0,
64,0000000072022061220220731,0000191402022061220220731,,1,
64,0000000072022090120230610,0000191402022090120230610,,1,
64,0000000072022061220220731,0000191412022061220220731,,1,
64,0000000072022090120230610,0000191412022090120230610,,1,
64,0000000072022061220220731,0000191422022061220220731,,0,
64,0000000072022090120230610,0000191422022090120230610,,0,
64,0000000072022061220220731,0000191432022061220220731,,1,
64,0000000072022090120230610,0000191432022090120230610,,1,
64,0000000052022091220221221,0000191442022091220221221,,0,
64,0000000052023010920230405,0000191442023010920230405,,0,
64,0000000052023041120230610,0000191442023041120230610,,0,
64,0000000052022091220221221,0000191452022091220221221,,1,
64,0000000052023010920230405,0000191452023010920230405,,1,
64,0000000052023041120230610,0000191452023041120230610,,1,
64,0000000072022061220220731,0000191462022061220220731,,0,
64,0000000072022090120230610,0000191462022090120230610,,0,
64,0000000072022061220220731,0000191472022061220220731,,1,
64,0000000072022090120230610,0000191472022090120230610,,1,
64,0000000052022091220221221,0000191482022091220221221,,0,
64,0000000052023010920230405,0000191482023010920230405,,0,
64,0000000052023041120230610,0000191482023041120230610,,0,
64,0000000072022061220220731,0000191492022061220220731,,0,
64,0000000072022090120230610,0000191492022090120230610,,0,
64,0000000052022091220221221,0000191502022091220221221,,0,
64,0000000052023010920230405,0000191502023010920230405,,0,
64,0000000052023041120230610,0000191502023041120230610,,0,
64,0000000072022061220220731,0000191512022061220220731,,0,
64,0000000072022090120230610,0000191512022090120230610,,0,
64,0000000052022091220221221,0000191522022091220221221,,0,
64,0000000052023010920230405,0000191522023010920230405,,0,
64,0000000052023041120230610,0000191522023041120230610,,0,
64,0000000052022091220221221,0000191532022091220221221,,1,
64,0000000052023010920230405,0000191532023010920230405,,1,
64,0000000052023041120230610,0000191532023041120230610,,1,
64,0000000072022061220220731,0000191542022061220220731,,1,
64,0000000072022090120230610,0000191542022090120230610,,1,
64,0000000052022091220221221,0000191552022091220221221,,1,
64,0000000052023010920230405,0000191552023010920230405,,1,
64,0000000052023041120230610,0000191552023041120230610,,1,
64,0000000072022061220220731,0000191562022061220220731,,1,
64,0000000072022090120230610,0000191562022090120230610,,1,
64,0000000052022091220221221,0000191572022091220221221,,1,
64,0000000052023010920230405,0000191572023010920230405,,1,
64,0000000052023041120230610,0000191572023041120230610,,1,
64,0000000072022061220220731,0000191582022061220220731,,0,
64,0000000072022090120230610,0000191582022090120230610,,0,
64,0000000072022061220220731,0000191592022061220220731,,1,
64,0000000072022090120230610,0000191592022090120230610,,1,
64,0000000052022091220221221,0000191602022091220221221,,0,
64,0000000052023010920230405,0000191602023010920230405,,0,
64,0000000052023041120230610,0000191602023041120230610,,0,
64,0000000072022061220220731,0000191612022061220220731,,0,
64,0000000072022090120230610,0000191612022090120230610,,0,
64,0000000052022091220221221,0000191622022091220221221,,0,
64,0000000052023010920230405,0000191622023010920230405,,0,
64,0000000052023041120230610,0000191622023041120230610,,0,
64,0000000072022061220220731,0000191632022061220220731,,0,
64,0000000072022090120230610,0000191632022090120230610,,0,
64,0000000052022091220221221,0000191642022091220221221,,0,
64,0000000052023010920230405,0000191642023010920230405,,0,
64,0000000052023041120230610,0000191642023041120230610,,0,
64,0000000072022061220220731,0000191652022061220220731,,0,
64,0000000072022090120230610,0000191652022090120230610,,0,
64,0000000052022091220221221,0000191662022091220221221,,0,
64,0000000052023010920230405,0000191662023010920230405,,0,
64,0000000052023041120230610,0000191662023041120230610,,0,
64,0000000072022061220220731,0000191672022061220220731,,0,
64,0000000072022090120230610,0000191672022090120230610,,0,
64,0000000052022091220221221,0000191682022091220221221,,0,
64,0000000052023010920230405,0000191682023010920230405,,0,
64,0000000052023041120230610,0000191682023041120230610,,0,
64,0000000072022061220220731,0000191692022061220220731,,0,
64,0000000072022090120230610,0000191692022090120230610,,0,
64,0000000072022061220220731,0000191702022061220220731,,0,
64,0000000072022090120230610,0000191702022090120230610,,0,
64,0000000072022061220220731,0000191712022061220220731,,0,
64,0000000072022090120230610,0000191712022090120230610,,0,
64,0000000072022061220220731,0000191722022061220220731,,0,
64,0000000072022090120230610,0000191722022090120230610,,0,
64,0000000072022061220220731,0000191732022061220220731,,0,
64,0000000072022090120230610,0000191732022090120230610,,0,
64,0000000072022061220220731,0000191742022061220220731,,0,
64,0000000072022090120230610,0000191742022090120230610,,0,
64,0000000072022061220220731,0000191752022061220220731,,0,
64,0000000072022090120230610,0000191752022090120230610,,0,
64,0000000052022091220221221,0000191762022091220221221,,0,
64,0000000052023010920230405,0000191762023010920230405,,0,
64,0000000052023041120230610,0000191762023041120230610,,0,
64,0000000072022061220220731,0000191772022061220220731,,0,
64,0000000072022090120230610,0000191772022090120230610,,0,
64,0000000052022091220221221,0000191782022091220221221,,0,
64,0000000052023010920230405,0000191782023010920230405,,0,
64,0000000052023041120230610,0000191782023041120230610,,0,
64,0000000072022061220220731,0000191792022061220220731,,0,
64,0000000072022090120230610,0000191792022090120230610,,0,
64,0000000052022091220221221,0000191802022091220221221,,0,
64,0000000052023010920230405,0000191802023010920230405,,0,
64,0000000052023041120230610,0000191802023041120230610,,0,
64,0000000072022061220220731,0000191812022061220220731,,0,
64,0000000072022090120230610,0000191812022090120230610,,0,
64,0000000052022091220221221,0000191822022091220221221,,0,
64,0000000052023010920230405,0000191822023010920230405,,0,
64,0000000052023041120230610,0000191822023041120230610,,0,
64,0000000072022061220220731,0000191832022061220220731,,0,
64,0000000072022090120230610,0000191832022090120230610,,0,
64,0000000052022091220221221,0000191842022091220221221,,0,
64,0000000052023010920230405,0000191842023010920230405,,0,
64,0000000052023041120230610,0000191842023041120230610,,0,
64,0000000072022061220220731,0000191852022061220220731,,0,
64,0000000072022090120230610,0000191852022090120230610,,0,
64,0000000052022091220221221,0000191862022091220221221,,0,
64,0000000052023010920230405,0000191862023010920230405,,0,
64,0000000052023041120230610,0000191862023041120230610,,0,
64,0000000072022061220220731,0000191872022061220220731,,0,
64,0000000072022090120230610,0000191872022090120230610,,0,
64,0000000052022091220221221,0000191882022091220221221,,1,
64,0000000052023010920230405,0000191882023010920230405,,1,
64,0000000052023041120230610,0000191882023041120230610,,1,
64,0000000072022061220220731,0000191892022061220220731,,1,
64,0000000072022090120230610,0000191892022090120230610,,1,
64,0000000052022091220221221,0000191902022091220221221,,1,
64,0000000052023010920230405,0000191902023010920230405,,1,
64,0000000052023041120230610,0000191902023041120230610,,1,
64,0000000072022061220220731,0000191912022061220220731,,1,
64,0000000072022090120230610,0000191912022090120230610,,1,
64,0000000052022091220221221,0000191922022091220221221,,1,
64,0000000052023010920230405,0000191922023010920230405,,1,
64,0000000052023041120230610,0000191922023041120230610,,1,
64,0000000072022061220220731,0000191932022061220220731,,1,
64,0000000072022090120230610,0000191932022090120230610,,1,
64,0000000052022091220221221,0000191942022091220221221,,1,
64,0000000052023010920230405,0000191942023010920230405,,1,
64,0000000052023041120230610,0000191942023041120230610,,1,
64,0000000072022061220220731,0000191952022061220220731,,1,
64,0000000072022090120230610,0000191952022090120230610,,1,
64,0000000052022091220221221,0000191962022091220221221,,1,
64,0000000052023010920230405,0000191962023010920230405,,1,
64,0000000052023041120230610,0000191962023041120230610,,1,
64,0000000072022061220220731,0000191972022061220220731,,1,
64,0000000072022090120230610,0000191972022090120230610,,1,
64,0000000072022061220220731,0000191982022061220220731,,1,
64,0000000072022090120230610,0000191982022090120230610,,1,
64,0000000072022061220220731,0000191992022061220220731,,1,
64,0000000072022090120230610,0000191992022090120230610,,1,
64,0000000072022061220220731,0000192002022061220220731,,1,
64,0000000072022090120230610,0000192002022090120230610,,1,
64,0000000072022061220220731,0000192012022061220220731,,1,
64,0000000072022090120230610,0000192012022090120230610,,1,
64,0000000072022061220220731,0000192022022061220220731,,1,
64,0000000072022090120230610,0000192022022090120230610,,1,
64,0000000072022061220220731,0000192032022061220220731,,1,
64,0000000072022090120230610,0000192032022090120230610,,1,
64,0000000052022091220221221,0000192042022091220221221,,1,
64,0000000052023010920230405,0000192042023010920230405,,1,
64,0000000052023041120230610,0000192042023041120230610,,1,
64,0000000072022061220220731,0000192052022061220220731,,1,
64,0000000072022090120230610,0000192052022090120230610,,1,
64,0000000052022091220221221,0000192062022091220221221,,1,
64,0000000052023010920230405,0000192062023010920230405,,1,
64,0000000052023041120230610,0000192062023041120230610,,1,
64,0000000072022061220220731,0000192072022061220220731,,1,
64,0000000072022090120230610,0000192072022090120230610,,1,
64,0000000052022091220221221,0000192082022091220221221,,1,
64,0000000052023010920230405,0000192082023010920230405,,1,
64,0000000052023041120230610,0000192082023041120230610,,1,
64,0000000072022061220220731,0000192092022061220220731,,1,
64,0000000072022090120230610,0000192092022090120230610,,1,
64,0000000052022091220221221,0000192102022091220221221,,1,
64,0000000052023010920230405,0000192102023010920230405,,1,
64,0000000052023041120230610,0000192102023041120230610,,1,
64,0000000072022061220220731,0000192112022061220220731,,1,
64,0000000072022090120230610,0000192112022090120230610,,1,
64,0000000052022091220221221,0000192122022091220221221,,1,
64,0000000052023010920230405,0000192122023010920230405,,1,
64,0000000052023041120230610,0000192122023041120230610,,1,
64,0000000072022061220220731,0000192132022061220220731,,1,
64,0000000072022090120230610,0000192132022090120230610,,1,
64,0000000052022091220221221,0000192142022091220221221,,1,
64,0000000052023010920230405,0000192142023010920230405,,1,
64,0000000052023041120230610,0000192142023041120230610,,1,
64,0000000072022061220220731,0000192152022061220220731,,1,
64,0000000072022090120230610,0000192152022090120230610,,1,
64,0000000072022061220220731,0000192162022061220220731,,0,
64,0000000072022090120230610,0000192162022090120230610,,0,
64,0000000072022061220220731,0000192172022061220220731,,1,
64,0000000072022090120230610,0000192172022090120230610,,1,
64,0000000072022061220220731,0000192182022061220220731,,0,
64,0000000072022090120230610,0000192182022090120230610,,0,
64,0000000072022061220220731,0000192192022061220220731,,1,
64,0000000072022090120230610,0000192192022090120230610,,1,
64,0000000072022061220220731,0000192202022061220220731,,0,
64,0000000072022090120230610,0000192202022090120230610,,0,
64,0000000072022061220220731,0000192212022061220220731,,1,
64,0000000072022090120230610,0000192212022090120230610,,1,
64,0000000072022061220220731,0000192222022061220220731,,0,
64,0000000072022090120230610,0000192222022090120230610,,0,
64,0000000072022061220220731,0000192232022061220220731,,1,
64,0000000072022090120230610,0000192232022090120230610,,1,
64,0000000072022061220220731,0000192262022061220220731,,0,
64,0000000072022090120230610,0000192262022090120230610,,0,
64,0000000072022061220220731,0000192272022061220220731,,1,
64,0000000072022090120230610,0000192272022090120230610,,1,
64,0000000082022091220221221,0000192282022091220221221,,0,
64,0000000082023010920230405,0000192282023010920230405,,0,
64,0000000082023041120230610,0000192282023041120230610,,0,
64,0000000082022091220221221,0000192292022091220221221,,1,
64,0000000082023010920230405,0000192292023010920230405,,1,
64,0000000082023041120230610,0000192292023041120230610,,1,
64,0000000072022061220220731,0000192302022061220220731,,0,
64,0000000072022090120230610,0000192302022090120230610,,0,
64,0000000072022061220220731,0000192312022061220220731,,1,
64,0000000072022090120230610,0000192312022090120230610,,1,
64,0000000082022091220221221,0000192322022091220221221,,0,
64,0000000082023010920230405,0000192322023010920230405,,0,
64,0000000082023041120230610,0000192322023041120230610,,0,
64,0000000082022091220221221,0000192332022091220221221,,1,
64,0000000082023010920230405,0000192332023010920230405,,1,
64,0000000082023041120230610,0000192332023041120230610,,1,
64,0000000072022061220220731,0000192342022061220220731,,0,
64,0000000072022090120230610,0000192342022090120230610,,0,
64,0000000072022061220220731,0000192352022061220220731,,1,
64,0000000072022090120230610,0000192352022090120230610,,1,
64,0000000082022091220221221,0000192362022091220221221,,0,
64,0000000082023010920230405,0000192362023010920230405,,0,
64,0000000082023041120230610,0000192362023041120230610,,0,
64,0000000082022091220221221,0000192372022091220221221,,1,
64,0000000082023010920230405,0000192372023010920230405,,1,
64,0000000082023041120230610,0000192372023041120230610,,1,
64,0000000082022091220221221,0000192402022091220221221,,0,
64,0000000082023010920230405,0000192402023010920230405,,0,
64,0000000082023041120230610,0000192402023041120230610,,0,
64,0000000082022091220221221,0000192412022091220221221,,1,
64,0000000082023010920230405,0000192412023010920230405,,1,
64,0000000082023041120230610,0000192412023041120230610,,1,
64,0000000082022091220221221,0000192442022091220221221,,0,
64,0000000082023010920230405,0000192442023010920230405,,0,
64,0000000082023041120230610,0000192442023041120230610,,0,
64,0000000082022091220221221,0000192452022091220221221,,1,
64,0000000082023010920230405,0000192452023010920230405,,1,
64,0000000082023041120230610,0000192452023041120230610,,1,
64,0000000082022091220221221,0000192482022091220221221,,0,
64,0000000082023010920230405,0000192482023010920230405,,0,
64,0000000082023041120230610,0000192482023041120230610,,0,
64,0000000082022091220221221,0000192492022091220221221,,1,
64,0000000082023010920230405,0000192492023010920230405,,1,
64,0000000082023041120230610,0000192492023041120230610,,1,
64,0000000072022061220220731,0000192502022061220220731,,0,
64,0000000072022090120230610,0000192502022090120230610,,0,
64,0000000072022061220220731,0000192512022061220220731,,1,
64,0000000072022090120230610,0000192512022090120230610,,1,
64,0000000082022091220221221,0000192522022091220221221,,0,
64,0000000082023010920230405,0000192522023010920230405,,0,
64,0000000082023041120230610,0000192522023041120230610,,0,
64,0000000082022091220221221,0000192532022091220221221,,1,
64,0000000082023010920230405,0000192532023010920230405,,1,
64,0000000082023041120230610,0000192532023041120230610,,1,
64,0000000072022061220220731,0000192542022061220220731,,0,
64,0000000072022090120230610,0000192542022090120230610,,0,
64,0000000072022061220220731,0000192552022061220220731,,1,
64,0000000072022090120230610,0000192552022090120230610,,1,
64,0000000082022091220221221,0000192562022091220221221,,0,
64,0000000082023010920230405,0000192562023010920230405,,0,
64,0000000082023041120230610,0000192562023041120230610,,0,
64,0000000082022091220221221,0000192572022091220221221,,1,
64,0000000082023010920230405,0000192572023010920230405,,1,
64,0000000082023041120230610,0000192572023041120230610,,1,
64,0000000072022061220220731,0000192582022061220220731,,0,
64,0000000072022090120230610,0000192582022090120230610,,0,
64,0000000082022091220221221,0000192602022091220221221,,0,
64,0000000082023010920230405,0000192602023010920230405,,0,
64,0000000082023041120230610,0000192602023041120230610,,0,
64,0000000072022091220221221,0000192612022091220221221,,1,
64,0000000072023010920230405,0000192612023010920230405,,1,
64,0000000072023041120230610,0000192612023041120230610,,1,
64,0000000082022091220221221,0000192642022091220221221,,0,
64,0000000082023010920230405,0000192642023010920230405,,0,
64,0000000082023041120230610,0000192642023041120230610,,0,
64,0000000082022091220221221,0000192652022091220221221,,1,
64,0000000082023010920230405,0000192652023010920230405,,1,
64,0000000082023041120230610,0000192652023041120230610,,1,
64,0000000072022061220220731,0000192702022061220220731,,0,
64,0000000072022090120230610,0000192702022090120230610,,0,
64,0000000072022061220220731,0000192712022061220220731,,1,
64,0000000072022090120230610,0000192712022090120230610,,1,
64,0000000072022061220220731,0000192722022061220220731,,0,
64,0000000072022090120230610,0000192722022090120230610,,0,
64,0000000072022061220220731,0000192732022061220220731,,1,
64,0000000072022090120230610,0000192732022090120230610,,1,
64,0000000072022061220220731,0000192742022061220220731,,0,
64,0000000072022090120230610,0000192742022090120230610,,0,
64,0000000072022061220220731,0000192752022061220220731,,1,
64,0000000072022090120230610,0000192752022090120230610,,1,
64,0000000072022061220220731,0000192762022061220220731,,0,
64,0000000072022090120230610,0000192762022090120230610,,0,
64,0000000072022061220220731,0000192772022061220220731,,1,
64,0000000072022090120230610,0000192772022090120230610,,1,
64,0000000072022061220220731,0000192792022061220220731,,0,
64,0000000072022090120230610,0000192792022090120230610,,0,
64,0000000072022061220220731,0000192802022061220220731,,1,
64,0000000072022090120230610,0000192802022090120230610,,1,
64,0000000072022061220220731,0000192812022061220220731,,0,
64,0000000072022090120230610,0000192812022090120230610,,0,
64,0000000082022061220220731,0000192822022061220220731,,1,
64,0000000082022090120230610,0000192822022090120230610,,1,
64,0000000072022061220220731,0000192832022061220220731,,0,
64,0000000072022090120230610,0000192832022090120230610,,0,
64,0000000072022061220220731,0000192842022061220220731,,0,
64,0000000072022090120230610,0000192842022090120230610,,0,
64,0000000082022061220220731,0000192852022061220220731,,1,
64,0000000082022090120230610,0000192852022090120230610,,1,
42,0000000072022061220230610,0000192862022061220230610,,0,
42,0000000072022061220230610,0000192872022061220230610,,0,
42,0000000072022061220230610,0000192882022061220230610,,0,
42,0000000072022061220230610,0000192892022061220230610,,0,
42,0000000072022061220230610,0000192902022061220230610,,0,
42,0000000072022061220230610,0000192912022061220230610,,0,
42,0000000072022061220230610,0000192922022061220230610,,0,
42,0000000072022061220230610,0000192932022061220230610,,0,
42,0000000072022061220230610,0000192942022061220230610,,0,
42,0000000072022061220230610,0000192952022061220230610,,0,
42,0000000072022061220230610,0000192962022061220230610,,0,
42,0000000072022061220230610,0000192972022061220230610,,0,
42,0000000072022061220230610,0000192982022061220230610,,0,
42,0000000072022061220230610,0000192992022061220230610,,0,
42,0000000072022061220230610,0000193002022061220230610,,0,
42,0000000072022061220230610,0000193012022061220230610,,0,
42,0000000072022061220230610,0000193022022061220230610,,0,
42,0000000072022061220230610,0000193032022061220230610,,0,
42,0000000072022061220230610,0000193042022061220230610,,0,
42,0000000072022061220230610,0000193052022061220230610,,0,
42,0000000072022061220230610,0000193062022061220230610,,0,
42,0000000072022061220230610,0000193072022061220230610,,0,
42,0000000072022061220230610,0000193082022061220230610,,0,
42,0000000072022061220230610,0000193092022061220230610,,0,
42,0000000072022061220230610,0000193102022061220230610,,0,
42,0000000072022061220230610,0000193112022061220230610,,0,
43,0000000072022061220230610,0000193122022061220230610,,0,
43,0000000072022061220230610,0000193132022061220230610,,0,
43,0000000072022061220230610,0000193142022061220230610,,0,
43,0000000072022061220230610,0000193152022061220230610,,0,
43,0000000072022061220230610,0000193162022061220230610,,0,
43,0000000072022061220230610,0000193172022061220230610,,0,
43,0000000072022061220230610,0000193182022061220230610,,0,
43,0000000072022061220230610,0000193192022061220230610,,0,
43,0000000072022061220230610,0000193202022061220230610,,0,
43,0000000072022061220230610,0000193212022061220230610,,0,
43,0000000072022061220230610,0000193222022061220230610,,0,
43,0000000072022061220230610,0000193232022061220230610,,0,
43,0000000072022061220230610,0000193242022061220230610,,0,
43,0000000072022061220230610,0000193252022061220230610,,0,
43,0000000072022061220230610,0000193262022061220230610,,0,
43,0000000072022061220230610,0000193272022061220230610,,0,
43,0000000072022061220230610,0000193282022061220230610,,0,
43,0000000072022061220230610,0000193292022061220230610,,0,
43,0000000072022061220230610,0000193302022061220230610,,0,
43,0000000072022061220230610,0000193312022061220230610,,0,
43,0000000072022061220230610,0000193322022061220230610,,0,
43,0000000072022061220230610,0000193332022061220230610,,0,
43,0000000072022061220230610,0000193342022061220230610,,0,
43,0000000072022061220230610,0000193352022061220230610,,0,
43,0000000072022061220230610,0000193362022061220230610,,0,
43,0000000072022061220230610,0000193372022061220230610,,0,
66,0000000072022061220230610,0000193382022061220230610,,0,
66,0000000072022091220230610,0000193392022091220230610,,0,
66,0000000072022061220230610,0000193402022061220230610,,0,
66,0000000172022061220230610,0000193412022061220230610,,0,
66,0000000172022061220230610,0000193422022061220230610,,0,
66,0000000172022061220230610,0000193432022061220230610,,0,
66,0000000172022061220230610,0000193442022061220230610,,0,
66,0000000172022061220230610,0000193452022061220230610,,0,
66,0000000172022061220230610,0000193462022061220230610,,0,
66,0000000172022061220230610,0000193472022061220230610,,0,
66,0000000172022061220230610,0000193482022061220230610,,0,
66,0000000172022061220230610,0000193492022061220230610,,0,
66,0000000172022061220230610,0000193502022061220230610,,0,
66,0000000172022061220230610,0000193512022061220230610,,0,
66,0000000172022061220230610,0000193522022061220230610,,0,
66,0000000172022061220230610,0000193532022061220230610,,0,
66,0000000072022061220230610,0000193542022061220230610,,0,
66,0000000172022061220230610,0000193552022061220230610,,0,
66,0000000172022061220230610,0000193562022061220230610,,0,
66,0000000172022061220230610,0000193572022061220230610,,0,
66,0000000172022061220230610,0000193582022061220230610,,0,
66,0000000172022061220230610,0000193592022061220230610,,0,
66,0000000172022061220230610,0000193602022061220230610,,0,
66,0000000172022061220230610,0000193612022061220230610,,0,
66,0000000172022061220230610,0000193622022061220230610,,0,
66,0000000172022061220230610,0000193632022061220230610,,0,
66,0000000172022061220230610,0000193642022061220230610,,0,
66,0000000172022061220230610,0000193652022061220230610,,0,
66,0000000172022061220230610,0000193662022061220230610,,0,
62,0000000072022061220230610,0000193672022061220230610,,0,
62,0000000172022061220230610,0000193682022061220230610,,0,
62,0000000172022061220230610,0000193692022061220230610,,0,
62,0000000172022061220230610,0000193702022061220230610,,0,
62,0000000172022061220230610,0000193712022061220230610,,0,
62,0000000172022061220230610,0000193722022061220230610,,0,
62,0000000172022061220230610,0000193732022061220230610,,0,
62,0000000172022061220230610,0000193742022061220230610,,0,
62,0000000172022061220230610,0000193752022061220230610,,0,
62,0000000172022061220230610,0000193762022061220230610,,0,
62,0000000172022061220230610,0000193772022061220230610,,0,
62,0000000172022061220230610,0000193782022061220230610,,0,
62,0000000172022061220230610,0000193792022061220230610,,0,
62,0000000172022061220230610,0000193802022061220230610,,0,
62,0000000072022061220230610,0000193812022061220230610,,0,
62,0000000172022061220230610,0000193822022061220230610,,0,
62,0000000172022061220230610,0000193832022061220230610,,0,
62,0000000172022061220230610,0000193842022061220230610,,0,
62,0000000172022061220230610,0000193852022061220230610,,0,
62,0000000172022061220230610,0000193862022061220230610,,0,
62,0000000172022061220230610,0000193872022061220230610,,0,
62,0000000172022061220230610,0000193882022061220230610,,0,
62,0000000172022061220230610,0000193892022061220230610,,0,
62,0000000172022061220230610,0000193902022061220230610,,0,
62,0000000172022061220230610,0000193912022061220230610,,0,
62,0000000172022061220230610,0000193922022061220230610,,0,
62,0000000172022061220230610,0000193932022061220230610,,0,
62,0000000172022061220230610,0000193942022061220230610,,0,
40,0000000072022061220230610,0000193952022061220230610,,0,
40,0000000072022061220230610,0000193962022061220230610,,1,
40,0000000072022061220230610,0000193972022061220230610,,0,
40,0000000072022061220230610,0000193982022061220230610,,1,
40,0000000072022061220230610,0000193992022061220230610,,0,
40,0000000172022061220230610,0000194002022061220230610,,0,
40,0000000072022061220230610,0000194012022061220230610,,0,
40,0000000172022061220230610,0000194022022061220230610,,0,
40,0000000072022061220230610,0000194032022061220230610,,0,
40,0000000172022061220230610,0000194042022061220230610,,0,
40,0000000072022061220230610,0000194052022061220230610,,0,
40,0000000172022061220230610,0000194062022061220230610,,0,
40,0000000072022061220230610,0000194072022061220230610,,0,
40,0000000172022061220230610,0000194082022061220230610,,0,
40,0000000072022061220230610,0000194092022061220230610,,0,
40,0000000172022061220230610,0000194102022061220230610,,0,
40,0000000072022061220230610,0000194112022061220230610,,0,
40,0000000172022061220230610,0000194122022061220230610,,0,
40,0000000072022061220230610,0000194132022061220230610,,0,
40,0000000172022061220230610,0000194142022061220230610,,0,
40,0000000072022061220230610,0000194152022061220230610,,0,
40,0000000172022061220230610,0000194162022061220230610,,0,
40,0000000072022061220230610,0000194172022061220230610,,0,
40,0000000172022061220230610,0000194182022061220230610,,0,
40,0000000072022061220230610,0000194192022061220230610,,0,
40,0000000172022061220230610,0000194202022061220230610,,0,
40,0000000072022061220230610,0000194212022061220230610,,0,
40,0000000172022061220230610,0000194222022061220230610,,0,
40,0000000072022061220230610,0000194232022061220230610,,1,
40,0000000172022061220230610,0000194242022061220230610,,1,
40,0000000072022061220230610,0000194252022061220230610,,1,
40,0000000172022061220230610,0000194262022061220230610,,1,
40,0000000072022061220230610,0000194272022061220230610,,1,
40,0000000172022061220230610,0000194282022061220230610,,1,
40,0000000072022061220230610,0000194292022061220230610,,1,
40,0000000172022061220230610,0000194302022061220230610,,1,
40,0000000072022061220230610,0000194312022061220230610,,1,
40,0000000172022061220230610,0000194322022061220230610,,1,
40,0000000072022061220230610,0000194332022061220230610,,1,
40,0000000172022061220230610,0000194342022061220230610,,1,
40,0000000072022061220230610,0000194352022061220230610,,1,
40,0000000172022061220230610,0000194362022061220230610,,1,
40,0000000072022061220230610,0000194372022061220230610,,1,
40,0000000172022061220230610,0000194382022061220230610,,1,
40,0000000072022061220230610,0000194392022061220230610,,1,
40,0000000172022061220230610,0000194402022061220230610,,1,
40,0000000072022061220230610,0000194412022061220230610,,1,
40,0000000172022061220230610,0000194422022061220230610,,1,
40,0000000072022061220230610,0000194432022061220230610,,1,
40,0000000172022061220230610,0000194442022061220230610,,1,
40,0000000072022061220230610,0000194452022061220230610,,1,
40,0000000172022061220230610,0000194462022061220230610,,1,
40,0000000172022061220230610,0000194472022061220230610,,0,
40,0000000172022061220230610,0000194482022061220230610,,0,
40,0000000172022061220230610,0000194492022061220230610,,0,
40,0000000172022061220230610,0000194502022061220230610,,0,
40,0000000172022061220230610,0000194512022061220230610,,1,
40,0000000172022061220230610,0000194522022061220230610,,1,
40,0000000172022061220230610,0000194532022061220230610,,1,
40,0000000172022061220230610,0000194542022061220230610,,1,
40,0000000172022061220230610,0000194552022061220230610,,0,
40,0000000072022061220220630,0000194562022061220220630,,0,
40,0000000072022090120230610,0000194562022090120230610,,0,
40,0000000172022061220230610,0000194572022061220230610,,0,
40,0000000072022061220220630,0000194582022061220220630,,0,
40,0000000072022090120230610,0000194582022090120230610,,0,
40,0000000172022061220230610,0000194592022061220230610,,0,
40,0000000072022061220220630,0000194602022061220220630,,0,
40,0000000072022090120230610,0000194602022090120230610,,0,
40,0000000172022061220230610,0000194612022061220230610,,0,
40,0000000072022061220220630,0000194622022061220220630,,0,
40,0000000072022090120230610,0000194622022090120230610,,0,
40,0000000172022061220230610,0000194632022061220230610,,0,
40,0000000072022061220220630,0000194642022061220220630,,0,
40,0000000072022090120230610,0000194642022090120230610,,0,
40,0000000172022061220230610,0000194652022061220230610,,0,
40,0000000072022061220220630,0000194662022061220220630,,0,
40,0000000072022090120230610,0000194662022090120230610,,0,
40,0000000172022061220230610,0000194672022061220230610,,0,
40,0000000072022061220220630,0000194682022061220220630,,0,
40,0000000072022090120230610,0000194682022090120230610,,0,
40,0000000172022061220230610,0000194692022061220230610,,0,
40,0000000172022061220230610,0000194702022061220230610,,1,
40,0000000072022061220220630,0000194712022061220220630,,1,
40,0000000072022090120230610,0000194712022090120230610,,1,
40,0000000172022061220230610,0000194722022061220230610,,1,
40,0000000072022061220220630,0000194732022061220220630,,1,
40,0000000072022090120230610,0000194732022090120230610,,1,
40,0000000172022061220230610,0000194742022061220230610,,1,
40,0000000072022061220220630,0000194752022061220220630,,1,
40,0000000072022090120230610,0000194752022090120230610,,1,
40,0000000172022061220230610,0000194762022061220230610,,1,
40,0000000072022061220220630,0000194772022061220220630,,1,
40,0000000072022090120230610,0000194772022090120230610,,1,
40,0000000172022061220230610,0000194782022061220230610,,1,
40,0000000072022061220220630,0000194792022061220220630,,1,
40,0000000072022090120230610,0000194792022090120230610,,1,
40,0000000172022061220230610,0000194802022061220230610,,1,
40,0000000072022061220220630,0000194812022061220220630,,1,
40,0000000072022090120230610,0000194812022090120230610,,1,
40,0000000172022061220230610,0000194822022061220230610,,1,
40,0000000072022061220220630,0000194832022061220220630,,1,
40,0000000072022090120230610,0000194832022090120230610,,1,
40,0000000172022061220230610,0000194842022061220230610,,1,
40,0000000072022061220220630,0000194852022061220220630,,0,
40,0000000072022090120230610,0000194852022090120230610,,0,
40,0000000072022061220220630,0000194862022061220220630,,1,
40,0000000072022090120230610,0000194862022090120230610,,1,
55,0000000072022061220230610,0000194872022061220230610,,0,
55,0000000072022061220230610,0000194882022061220230610,,0,
55,0000000072022061220230610,0000194892022061220230610,,0,
55,0000000072022061220230610,0000194902022061220230610,,0,
55,0000000072022061220230610,0000194912022061220230610,,0,
55,0000000072022061220230610,0000194922022061220230610,,0,
55,0000000072022061220230610,0000194932022061220230610,,0,
55,0000000072022061220230610,0000194942022061220230610,,0,
55,0000000072022061220230610,0000194952022061220230610,,0,
55,0000000072022061220230610,0000194962022061220230610,,0,
55,0000000072022061220230610,0000194972022061220230610,,0,
55,0000000072022061220230610,0000194982022061220230610,,0,
55,0000000072022061220230610,0000194992022061220230610,,0,
55,0000000072022061220230610,0000195002022061220230610,,0,
55,0000000072022061220230610,0000195012022061220230610,,0,
55,0000000072022061220230610,0000195022022061220230610,,0,
55,0000000072022061220230610,0000195032022061220230610,,0,
55,0000000072022061220230610,0000195042022061220230610,,0,
55,0000000072022061220230610,0000195052022061220230610,,0,
55,0000000072022061220230610,0000195062022061220230610,,0,
55,0000000072022061220230610,0000195072022061220230610,,0,
55,0000000072022061220230610,0000195082022061220230610,,0,
55,0000000072022061220230610,0000195092022061220230610,,0,
55,0000000072022061220230610,0000195102022061220230610,,0,
55,0000000072022061220230610,0000195112022061220230610,,0,
55,0000000072022061220230610,0000195122022061220230610,,0,
55,0000000072022061220230610,0000195132022061220230610,,1,
55,0000000072022061220230610,0000195142022061220230610,,1,
55,0000000072022061220230610,0000195152022061220230610,,1,
55,0000000072022061220230610,0000195162022061220230610,,1,
55,0000000072022061220230610,0000195172022061220230610,,1,
55,0000000072022061220230610,0000195182022061220230610,,1,
55,0000000072022061220230610,0000195192022061220230610,,1,
55,0000000072022061220230610,0000195202022061220230610,,1,
55,0000000072022061220230610,0000195212022061220230610,,1,
55,0000000072022061220230610,0000195222022061220230610,,1,
55,0000000072022061220230610,0000195232022061220230610,,1,
55,0000000072022061220230610,0000195242022061220230610,,1,
55,0000000072022061220230610,0000195252022061220230610,,1,
55,0000000072022061220230610,0000195262022061220230610,,1,
55,0000000072022061220230610,0000195272022061220230610,,1,
55,0000000072022061220230610,0000195282022061220230610,,1,
55,0000000072022061220230610,0000195292022061220230610,,1,
55,0000000072022061220230610,0000195302022061220230610,,1,
55,0000000072022061220230610,0000195312022061220230610,,1,
55,0000000072022061220230610,0000195322022061220230610,,1,
55,0000000072022061220230610,0000195332022061220230610,,1,
55,0000000072022061220230610,0000195342022061220230610,,1,
55,0000000072022061220230610,0000195352022061220230610,,1,
55,0000000072022061220230610,0000195362022061220230610,,1,
55,0000000072022061220230610,0000195372022061220230610,,1,
55,0000000072022061220230610,0000195382022061220230610,,1,
44,0000000072022061220230610,0000195392022061220230610,,0,
44,0000000072022061220230610,0000195402022061220230610,,0,
44,0000000072022061220230610,0000195412022061220230610,,0,
44,0000000072022061220230610,0000195422022061220230610,,0,
44,0000000072022061220230610,0000195432022061220230610,,0,
44,0000000072022061220230610,0000195442022061220230610,,0,
44,0000000072022061220230610,0000195452022061220230610,,0,
44,0000000072022061220230610,0000195462022061220230610,,0,
44,0000000072022061220230610,0000195472022061220230610,,0,
44,0000000072022061220230610,0000195482022061220230610,,0,
44,0000000072022061220230610,0000195492022061220230610,,0,
44,0000000072022061220230610,0000195502022061220230610,,0,
44,0000000072022061220230610,0000195512022061220230610,,0,
44,0000000072022061220230610,0000195522022061220230610,,0,
44,0000000072022061220230610,0000195532022061220230610,,0,
44,0000000072022061220230610,0000195542022061220230610,,0,
44,0000000072022061220230610,0000195552022061220230610,,0,
44,0000000072022061220230610,0000195562022061220230610,,0,
44,0000000072022061220230610,0000195572022061220230610,,0,
44,0000000072022061220230610,0000195582022061220230610,,0,
44,0000000072022061220230610,0000195592022061220230610,,0,
44,0000000072022061220230610,0000195602022061220230610,,0,
44,0000000072022061220230610,0000195612022061220230610,,0,
44,0000000072022061220230610,0000195622022061220230610,,0,
44,0000000072022061220230610,0000195632022061220230610,,0,
44,0000000072022061220230610,0000195642022061220230610,,0,
44,0000000072022061220230610,0000195652022061220230610,,1,
44,0000000072022061220230610,0000195662022061220230610,,1,
44,0000000072022061220230610,0000195672022061220230610,,1,
44,0000000072022061220230610,0000195682022061220230610,,1,
44,0000000072022061220230610,0000195692022061220230610,,1,
44,0000000072022061220230610,0000195702022061220230610,,1,
44,0000000072022061220230610,0000195712022061220230610,,1,
44,0000000072022061220230610,0000195722022061220230610,,1,
44,0000000072022061220230610,0000195732022061220230610,,1,
44,0000000072022061220230610,0000195742022061220230610,,1,
44,0000000072022061220230610,0000195752022061220230610,,1,
44,0000000072022061220230610,0000195762022061220230610,,1,
44,0000000072022061220230610,0000195772022061220230610,,1,
44,0000000072022061220230610,0000195782022061220230610,,1,
44,0000000072022061220230610,0000195792022061220230610,,1,
44,0000000072022061220230610,0000195802022061220230610,,1,
44,0000000072022061220230610,0000195812022061220230610,,1,
44,0000000072022061220230610,0000195822022061220230610,,1,
44,0000000072022061220230610,0000195832022061220230610,,1,
44,0000000072022061220230610,0000195842022061220230610,,1,
44,0000000072022061220230610,0000195852022061220230610,,1,
44,0000000072022061220230610,0000195862022061220230610,,1,
44,0000000072022061220230610,0000195872022061220230610,,1,
44,0000000072022061220230610,0000195882022061220230610,,1,
44,0000000072022061220230610,0000195892022061220230610,,1,
44,0000000072022061220230610,0000195902022061220230610,,1,
48,0000000072022061220230610,0000195912022061220230610,,0,
48,0000000072022061220230610,0000195922022061220230610,,0,
48,0000000072022061220230610,0000195932022061220230610,,0,
48,0000000072022061220230610,0000195942022061220230610,,0,
48,0000000072022061220230610,0000195952022061220230610,,0,
48,0000000072022061220230610,0000195962022061220230610,,0,
48,0000000072022061220230610,0000195972022061220230610,,0,
48,0000000072022061220230610,0000195982022061220230610,,0,
48,0000000072022061220230610,0000195992022061220230610,,0,
48,0000000072022061220230610,0000196002022061220230610,,0,
48,0000000072022061220230610,0000196012022061220230610,,0,
48,0000000072022061220230610,0000196022022061220230610,,0,
48,0000000072022061220230610,0000196032022061220230610,,0,
48,0000000072022061220230610,0000196042022061220230610,,0,
48,0000000072022061220230610,0000196052022061220230610,,0,
48,0000000072022061220230610,0000196062022061220230610,,0,
48,0000000072022061220230610,0000196072022061220230610,,0,
48,0000000072022061220230610,0000196082022061220230610,,0,
48,0000000072022061220230610,0000196092022061220230610,,0,
48,0000000072022061220230610,0000196102022061220230610,,0,
48,0000000072022061220230610,0000196112022061220230610,,0,
48,0000000072022061220230610,0000196122022061220230610,,0,
48,0000000072022061220230610,0000196132022061220230610,,0,
48,0000000072022061220230610,0000196142022061220230610,,1,
48,0000000072022061220230610,0000196152022061220230610,,1,
48,0000000072022061220230610,0000196162022061220230610,,1,
48,0000000072022061220230610,0000196172022061220230610,,1,
48,0000000072022061220230610,0000196182022061220230610,,1,
48,0000000072022061220230610,0000196192022061220230610,,1,
48,0000000072022061220230610,0000196202022061220230610,,1,
48,0000000072022061220230610,0000196212022061220230610,,1,
48,0000000072022061220230610,0000196222022061220230610,,1,
48,0000000072022061220230610,0000196232022061220230610,,1,
48,0000000072022061220230610,0000196242022061220230610,,1,
48,0000000072022061220230610,0000196252022061220230610,,1,
48,0000000072022061220230610,0000196262022061220230610,,1,
48,0000000072022061220230610,0000196272022061220230610,,1,
48,0000000072022061220230610,0000196282022061220230610,,1,
48,0000000072022061220230610,0000196292022061220230610,,1,
48,0000000072022061220230610,0000196302022061220230610,,1,
48,0000000072022061220230610,0000196312022061220230610,,1,
48,0000000072022061220230610,0000196322022061220230610,,1,
48,0000000072022061220230610,0000196332022061220230610,,1,
48,0000000072022061220230610,0000196342022061220230610,,1,
48,0000000072022061220230610,0000196352022061220230610,,1,
48,0000000072022061220230610,0000196362022061220230610,,1,
51,0000000072022061220230610,0000196892022061220230610,,0,
51,0000000072022061220230610,0000196902022061220230610,,0,
51,0000000072022061220230610,0000196912022061220230610,,0,
51,0000000072022061220230610,0000196922022061220230610,,0,
51,0000000072022061220230610,0000196932022061220230610,,0,
51,0000000072022061220230610,0000196942022061220230610,,0,
51,0000000072022061220230610,0000196952022061220230610,,0,
51,0000000072022061220230610,0000196962022061220230610,,0,
51,0000000072022061220230610,0000196972022061220230610,,0,
51,0000000072022061220230610,0000196982022061220230610,,0,
51,0000000072022061220230610,0000196992022061220230610,,0,
51,0000000072022061220230610,0000197002022061220230610,,0,
51,0000000072022061220230610,0000197012022061220230610,,0,
51,0000000072022061220230610,0000197022022061220230610,,0,
51,0000000072022061220230610,0000197032022061220230610,,0,
51,0000000072022061220230610,0000197042022061220230610,,0,
51,0000000072022061220230610,0000197052022061220230610,,0,
51,0000000072022061220230610,0000197062022061220230610,,0,
51,0000000072022061220230610,0000197072022061220230610,,0,
51,0000000072022061220230610,0000197082022061220230610,,0,
51,0000000072022061220230610,0000197092022061220230610,,0,
51,0000000072022061220230610,0000197102022061220230610,,0,
51,0000000072022061220230610,0000197112022061220230610,,0,
51,0000000072022061220230610,0000197122022061220230610,,0,
51,0000000072022061220230610,0000197132022061220230610,,0,
51,0000000072022061220230610,0000197142022061220230610,,0,
51,0000000072022061220230610,0000197152022061220230610,,1,
51,0000000072022061220230610,0000197162022061220230610,,1,
51,0000000072022061220230610,0000197172022061220230610,,1,
51,0000000072022061220230610,0000197182022061220230610,,1,
51,0000000072022061220230610,0000197192022061220230610,,1,
51,0000000072022061220230610,0000197202022061220230610,,1,
51,0000000072022061220230610,0000197212022061220230610,,1,
51,0000000072022061220230610,0000197222022061220230610,,1,
51,0000000072022061220230610,0000197232022061220230610,,1,
51,0000000072022061220230610,0000197242022061220230610,,1,
51,0000000072022061220230610,0000197252022061220230610,,1,
51,0000000072022061220230610,0000197262022061220230610,,1,
51,0000000072022061220230610,0000197272022061220230610,,1,
51,0000000072022061220230610,0000197282022061220230610,,1,
51,0000000072022061220230610,0000197292022061220230610,,1,
51,0000000072022061220230610,0000197302022061220230610,,1,
51,0000000072022061220230610,0000197312022061220230610,,1,
51,0000000072022061220230610,0000197322022061220230610,,1,
51,0000000072022061220230610,0000197332022061220230610,,1,
51,0000000072022061220230610,0000197342022061220230610,,1,
51,0000000072022061220230610,0000197352022061220230610,,1,
51,0000000072022061220230610,0000197362022061220230610,,1,
51,0000000072022061220230610,0000197372022061220230610,,1,
51,0000000072022061220230610,0000197382022061220230610,,1,
51,0000000072022061220230610,0000197392022061220230610,,1,
51,0000000072022061220230610,0000197402022061220230610,,1,
40,0000000072022061220230610,0000197412022061220230610,,0,
40,0000000072022061220230610,0000197422022061220230610,,1,
58,0000000072022061220230610,0000197432022061220230610,,0,
58,0000000072022061220230610,0000197442022061220230610,,0,
58,0000000072022061220230610,0000197452022061220230610,,0,
58,0000000072022061220230610,0000197462022061220230610,,0,
58,0000000072022061220230610,0000197472022061220230610,,0,
58,0000000072022061220230610,0000197482022061220230610,,0,
58,0000000072022061220230610,0000197492022061220230610,,0,
58,0000000072022061220230610,0000197502022061220230610,,0,
58,0000000072022061220230610,0000197512022061220230610,,0,
58,0000000072022061220230610,0000197522022061220230610,,0,
58,0000000072022061220230610,0000197532022061220230610,,0,
58,0000000072022061220230610,0000197542022061220230610,,0,
58,0000000072022061220230610,0000197552022061220230610,,0,
58,0000000072022061220230610,0000197562022061220230610,,0,
58,0000000072022061220230610,0000197572022061220230610,,0,
58,0000000072022061220230610,0000197582022061220230610,,0,
58,0000000072022061220230610,0000197592022061220230610,,0,
58,0000000072022061220230610,0000197602022061220230610,,0,
58,0000000072022061220230610,0000197612022061220230610,,0,
58,0000000072022061220230610,0000197622022061220230610,,0,
58,0000000072022061220230610,0000197632022061220230610,,0,
58,0000000072022061220230610,0000197642022061220230610,,0,
58,0000000072022061220230610,0000197652022061220230610,,0,
58,0000000072022061220230610,0000197672022061220230610,,1,
58,0000000072022061220230610,0000197682022061220230610,,1,
58,0000000072022061220230610,0000197692022061220230610,,1,
58,0000000072022061220230610,0000197702022061220230610,,1,
58,0000000072022061220230610,0000197712022061220230610,,1,
58,0000000072022061220230610,0000197722022061220230610,,1,
58,0000000072022061220230610,0000197732022061220230610,,1,
58,0000000072022061220230610,0000197742022061220230610,,1,
58,0000000072022061220230610,0000197752022061220230610,,1,
58,0000000072022061220230610,0000197762022061220230610,,1,
58,0000000072022061220230610,0000197772022061220230610,,1,
58,0000000072022061220230610,0000197782022061220230610,,1,
58,0000000072022061220230610,0000197792022061220230610,,1,
58,0000000072022061220230610,0000197802022061220230610,,1,
58,0000000072022061220230610,0000197812022061220230610,,1,
58,0000000072022061220230610,0000197822022061220230610,,1,
58,0000000072022061220230610,0000197832022061220230610,,1,
58,0000000072022061220230610,0000197842022061220230610,,1,
58,0000000072022061220230610,0000197852022061220230610,,1,
58,0000000072022061220230610,0000197862022061220230610,,1,
58,0000000072022061220230610,0000197872022061220230610,,1,
58,0000000072022061220230610,0000197882022061220230610,,1,
58,0000000072022061220230610,0000197892022061220230610,,1,
53,0000000072022061220230610,0000197912022061220230610,,0,
53,0000000182022091220230610,0000197922022091220230610,,0,
53,0000000172022061220230610,0000197932022061220230610,,0,
53,0000000182022091220230610,0000197942022091220230610,,0,
53,0000000172022061220230610,0000197952022061220230610,,0,
53,0000000182022091220230610,0000197962022091220230610,,0,
53,0000000172022061220230610,0000197972022061220230610,,0,
53,0000000182022091220230610,0000197982022091220230610,,0,
53,0000000172022061220230610,0000197992022061220230610,,0,
53,0000000182022091220230610,0000198002022091220230610,,0,
53,0000000172022061220230610,0000198012022061220230610,,0,
53,0000000182022091220230610,0000198022022091220230610,,0,
53,0000000172022061220230610,0000198032022061220230610,,0,
53,0000000182022091220230610,0000198042022091220230610,,0,
53,0000000172022061220230610,0000198052022061220230610,,0,
53,0000000182022091220230610,0000198062022091220230610,,0,
53,0000000172022061220230610,0000198072022061220230610,,0,
53,0000000182022091220230610,0000198082022091220230610,,0,
53,0000000172022061220230610,0000198092022061220230610,,0,
53,0000000072022061220230610,0000198102022061220230610,,1,
53,0000000182022091220230610,0000198112022091220230610,,1,
53,0000000172022061220230610,0000198122022061220230610,,1,
53,0000000182022091220230610,0000198132022091220230610,,1,
53,0000000172022061220230610,0000198142022061220230610,,1,
53,0000000182022091220230610,0000198152022091220230610,,1,
53,0000000172022061220230610,0000198162022061220230610,,1,
53,0000000182022091220230610,0000198172022091220230610,,1,
53,0000000172022061220230610,0000198182022061220230610,,1,
53,0000000182022091220230610,0000198192022091220230610,,1,
53,0000000172022061220230610,0000198202022061220230610,,1,
53,0000000182022091220230610,0000198212022091220230610,,1,
53,0000000172022061220230610,0000198222022061220230610,,1,
53,0000000182022091220230610,0000198232022091220230610,,1,
53,0000000172022061220230610,0000198242022061220230610,,1,
53,0000000182022091220230610,0000198252022091220230610,,1,
53,0000000172022061220230610,0000198262022061220230610,,1,
53,0000000182022091220230610,0000198272022091220230610,,1,
53,0000000172022061220230610,0000198282022061220230610,,1,
53,0000000172022061220230610,0000198292022061220230610,,0,
53,0000000172022061220230610,0000198302022061220230610,,0,
53,0000000172022061220230610,0000198312022061220230610,,0,
53,0000000172022061220230610,0000198322022061220230610,,0,
53,0000000172022061220230610,0000198332022061220230610,,0,
53,0000000172022061220230610,0000198342022061220230610,,0,
53,0000000172022061220230610,0000198352022061220230610,,0,
53,0000000172022061220230610,0000198362022061220230610,,0,
53,0000000172022061220230610,0000198372022061220230610,,0,
53,0000000172022061220230610,0000198382022061220230610,,1,
53,0000000172022061220230610,0000198392022061220230610,,1,
53,0000000172022061220230610,0000198402022061220230610,,1,
53,0000000172022061220230610,0000198412022061220230610,,1,
53,0000000172022061220230610,0000198422022061220230610,,1,
53,0000000172022061220230610,0000198432022061220230610,,1,
53,0000000172022061220230610,0000198442022061220230610,,1,
53,0000000172022061220230610,0000198452022061220230610,,1,
53,0000000172022061220230610,0000198462022061220230610,,1,
50,0000000072022061220230610,0000198472022061220230610,,0,
50,0000000172022061220230610,0000198482022061220230610,,0,
50,0000000172022061220230610,0000198492022061220230610,,0,
50,0000000172022061220230610,0000198502022061220230610,,0,
50,0000000172022061220230610,0000198512022061220230610,,0,
50,0000000172022061220230610,0000198522022061220230610,,0,
50,0000000172022061220230610,0000198532022061220230610,,0,
50,0000000172022061220230610,0000198542022061220230610,,0,
50,0000000172022061220230610,0000198552022061220230610,,0,
50,0000000172022061220230610,0000198562022061220230610,,0,
50,0000000172022061220230610,0000198572022061220230610,,0,
50,0000000172022061220230610,0000198582022061220230610,,0,
50,0000000172022061220230610,0000198592022061220230610,,0,
50,0000000172022061220230610,0000198602022061220230610,,0,
50,0000000172022061220230610,0000198612022061220230610,,0,
50,0000000172022061220230610,0000198622022061220230610,,0,
50,0000000172022061220230610,0000198632022061220230610,,0,
50,0000000172022061220230610,0000198642022061220230610,,0,
50,0000000172022061220230610,0000198652022061220230610,,0,
50,0000000172022061220230610,0000198662022061220230610,,0,
50,0000000172022061220230610,0000198672022061220230610,,0,
50,0000000072022061220230610,0000198682022061220230610,,1,
50,0000000172022061220230610,0000198692022061220230610,,1,
50,0000000172022061220230610,0000198702022061220230610,,1,
50,0000000172022061220230610,0000198712022061220230610,,1,
50,0000000172022061220230610,0000198722022061220230610,,1,
50,0000000172022061220230610,0000198732022061220230610,,1,
50,0000000172022061220230610,0000198742022061220230610,,1,
50,0000000172022061220230610,0000198752022061220230610,,1,
50,0000000172022061220230610,0000198762022061220230610,,1,
50,0000000172022061220230610,0000198772022061220230610,,1,
50,0000000172022061220230610,0000198782022061220230610,,1,
50,0000000172022061220230610,0000198792022061220230610,,1,
50,0000000172022061220230610,0000198802022061220230610,,1,
50,0000000172022061220230610,0000198812022061220230610,,1,
50,0000000022022061220230610,0000198822022061220230610,,1,
50,0000000172022061220230610,0000198832022061220230610,,1,
50,0000000172022061220230610,0000198842022061220230610,,1,
50,0000000172022061220230610,0000198852022061220230610,,1,
50,0000000172022061220230610,0000198862022061220230610,,1,
50,0000000172022061220230610,0000198872022061220230610,,1,
50,0000000172022061220230610,0000198882022061220230610,,1,
46,0000000072022061220230610,0000198902022061220230610,,0,
46,0000000072022061220230610,0000198912022061220230610,,0,
46,0000000172022061220230610,0000198922022061220230610,,0,
46,0000000072022061220230610,0000198932022061220230610,,0,
46,0000000172022061220230610,0000198942022061220230610,,0,
46,0000000072022061220230610,0000198952022061220230610,,0,
46,0000000172022061220230610,0000198962022061220230610,,0,
46,0000000072022061220230610,0000198972022061220230610,,0,
46,0000000172022061220230610,0000198982022061220230610,,0,
46,0000000072022061220230610,0000198992022061220230610,,0,
46,0000000172022061220230610,0000199002022061220230610,,0,
46,0000000072022061220230610,0000199012022061220230610,,0,
46,0000000172022061220230610,0000199022022061220230610,,0,
46,0000000072022061220230610,0000199032022061220230610,,0,
46,0000000172022061220230610,0000199042022061220230610,,0,
46,0000000072022061220230610,0000199052022061220230610,,0,
46,0000000172022061220230610,0000199062022061220230610,,0,
46,0000000072022061220230610,0000199072022061220230610,,0,
46,0000000172022061220230610,0000199082022061220230610,,0,
46,0000000072022061220230610,0000199092022061220230610,,0,
46,0000000172022061220230610,0000199102022061220230610,,0,
46,0000000072022061220230610,0000199112022061220230610,,0,
46,0000000072022061220230610,0000199122022061220230610,,1,
46,0000000072022061220230610,0000199132022061220230610,,1,
46,0000000172022061220230610,0000199142022061220230610,,1,
46,0000000072022061220230610,0000199152022061220230610,,1,
46,0000000172022061220230610,0000199162022061220230610,,1,
46,0000000072022061220230610,0000199172022061220230610,,1,
46,0000000172022061220230610,0000199182022061220230610,,1,
46,0000000072022061220230610,0000199192022061220230610,,1,
46,0000000172022061220230610,0000199202022061220230610,,1,
46,0000000072022061220230610,0000199212022061220230610,,1,
46,0000000172022061220230610,0000199222022061220230610,,1,
46,0000000072022061220230610,0000199232022061220230610,,1,
46,0000000172022061220230610,0000199242022061220230610,,1,
46,0000000072022061220230610,0000199252022061220230610,,1,
46,0000000172022061220230610,0000199262022061220230610,,1,
46,0000000072022061220230610,0000199272022061220230610,,1,
46,0000000172022061220230610,0000199282022061220230610,,1,
46,0000000072022061220230610,0000199292022061220230610,,1,
46,0000000172022061220230610,0000199302022061220230610,,1,
46,0000000072022061220230610,0000199312022061220230610,,1,
46,0000000172022061220230610,0000199322022061220230610,,1,
46,0000000172022061220230610,0000199332022061220230610,,0,
46,0000000172022061220230610,0000199342022061220230610,,1,
46,0000000172022061220230610,0000199352022061220230610,,0,
46,0000000172022061220230610,0000199362022061220230610,,1,
46,0000000072022061220220630,0000199382022061220220630,,1,
46,0000000072022090120230610,0000199382022090120230610,,1,
46,0000000172022061220230610,0000199392022061220230610,,0,
46,0000000172022061220230610,0000199402022061220230610,,1,
46,0000000072022061220220630,0000199412022061220220630,,0,
46,0000000072022090120230610,0000199412022090120230610,,0,
46,0000000172022061220230610,0000199422022061220230610,,0,
46,0000000072022061220220630,0000199432022061220220630,,0,
46,0000000072022090120230610,0000199432022090120230610,,0,
46,0000000172022061220230610,0000199442022061220230610,,0,
46,0000000072022061220230610,0000199452022061220230610,,0,
46,0000000172022061220230610,0000199462022061220230610,,0,
46,0000000072022061220230610,0000199472022061220230610,,0,
46,0000000172022061220230610,0000199482022061220230610,,0,
46,0000000072022061220230610,0000199492022061220230610,,0,
46,0000000172022061220230610,0000199502022061220230610,,0,
46,0000000072022061220230610,0000199512022061220230610,,0,
46,0000000172022061220230610,0000199522022061220230610,,0,
46,0000000072022061220230610,0000199532022061220230610,,0,
46,0000000172022061220230610,0000199542022061220230610,,0,
46,0000000072022061220230610,0000199552022061220230610,,0,
46,0000000072022061220220630,0000199572022061220220630,,1,
46,0000000072022090120230610,0000199572022090120230610,,1,
46,0000000172022061220230610,0000199582022061220230610,,1,
46,0000000072022061220220630,0000199592022061220220630,,1,
46,0000000072022090120230610,0000199592022090120230610,,1,
46,0000000172022061220230610,0000199602022061220230610,,1,
46,0000000072022061220230610,0000199612022061220230610,,1,
46,0000000172022061220230610,0000199622022061220230610,,1,
46,0000000072022061220230610,0000199632022061220230610,,1,
46,0000000172022061220230610,0000199642022061220230610,,1,
46,0000000072022061220230610,0000199652022061220230610,,1,
46,0000000172022061220230610,0000199662022061220230610,,1,
46,0000000072022061220230610,0000199672022061220230610,,1,
46,0000000172022061220230610,0000199682022061220230610,,1,
46,0000000072022061220230610,0000199692022061220230610,,1,
46,0000000172022061220230610,0000199702022061220230610,,1,
46,0000000072022061220230610,0000199712022061220230610,,1,
61,0000000072022061220230610,0000199722022061220230610,,0,
61,0000000172022061220230610,0000199732022061220230610,,0,
61,0000000172022061220230610,0000199742022061220230610,,0,
61,0000000172022061220230610,0000199752022061220230610,,0,
61,0000000172022061220230610,0000199762022061220230610,,0,
61,0000000172022061220230610,0000199772022061220230610,,0,
61,0000000172022061220230610,0000199782022061220230610,,0,
61,0000000172022061220230610,0000199792022061220230610,,0,
61,0000000172022061220230610,0000199802022061220230610,,0,
61,0000000172022061220230610,0000199812022061220230610,,0,
61,0000000172022061220230610,0000199822022061220230610,,0,
61,0000000172022061220230610,0000199832022061220230610,,0,
61,0000000172022061220230610,0000199842022061220230610,,0,
61,0000000172022061220230610,0000199852022061220230610,,0,
61,0000000072022061220230610,0000199862022061220230610,,1,
61,0000000172022061220230610,0000199872022061220230610,,1,
61,0000000172022061220230610,0000199882022061220230610,,1,
61,0000000172022061220230610,0000199892022061220230610,,1,
61,0000000172022061220230610,0000199902022061220230610,,1,
61,0000000172022061220230610,0000199912022061220230610,,1,
61,0000000172022061220230610,0000199922022061220230610,,1,
61,0000000172022061220230610,0000199932022061220230610,,1,
61,0000000172022061220230610,0000199942022061220230610,,1,
61,0000000172022061220230610,0000199952022061220230610,,1,
61,0000000172022061220230610,0000199962022061220230610,,1,
61,0000000172022061220230610,0000199972022061220230610,,1,
61,0000000172022061220230610,0000199982022061220230610,,1,
61,0000000172022061220230610,0000199992022061220230610,,1,
74,0000000172022091220230610,0000200002022091220230610,,0,
74,0000000172022091220230610,0000200012022091220230610,,1,
74,0000000172022091220230610,0000200022022091220230610,,0,
74,0000000172022091220230610,0000200042022091220230610,,1,
74,0000000172022091220230610,0000200052022091220230610,,0,
74,0000000172022091220230610,0000200062022091220230610,,1,
74,0000000172022091220230610,0000200072022091220230610,,0,
74,0000000172022091220230610,0000200082022091220230610,,1,
74,0000000172022091220230610,0000200092022091220230610,,0,
74,0000000172022091220230610,0000200102022091220230610,,1,
74,0000000172022091220230610,0000200112022091220230610,,0,
74,0000000172022091220230610,0000200122022091220230610,,1,
70,0000000072022091220230610,0000200132022091220230610,,0,
70,0000000072022091220230610,0000200142022091220230610,,0,
70,0000000172022091220230610,0000200152022091220230610,,0,
70,0000000172022091220230610,0000200162022091220230610,,0,
70,0000000072022091220230610,0000200172022091220230610,,0,
70,0000000072022091220230610,0000200182022091220230610,,0,
70,0000000072022091220230610,0000200192022091220230610,,0,
70,0000000072022091220230610,0000200202022091220230610,,0,
70,0000000072022091220230610,0000200232022091220230610,,0,
70,0000000072022091220230610,0000200242022091220230610,,0,
70,0000000172022091220230610,0000200252022091220230610,,0,
70,0000000172022091220230610,0000200262022091220230610,,0,
70,0000000172022091220230610,0000200272022091220230610,,0,
70,0000000172022091220230610,0000200282022091220230610,,0,
70,0000000072022091220230610,0000200292022091220230610,,0,
70,0000000072022091220230610,0000200302022091220230610,,0,
70,0000000072022091220230610,0000200312022091220230610,,0,
70,0000000072022091220230610,0000200322022091220230610,,0,
70,0000000172022091220230610,0000200332022091220230610,,0,
70,0000000172022091220230610,0000200342022091220230610,,0,
76,0000000072022091220230610,0000200352022091220230610,,0,
76,0000000072022091220230610,0000200352022091220230610,,0,
76,0000000072022091220230610,0000200362022091220230610,,0,
76,0000000072022091220230610,0000200372022091220230610,,0,
76,0000000072022091220230610,0000200372022091220230610,,0,
76,0000000072022091220230610,0000200382022091220230610,,0,
76,0000000072022091220230610,0000200392022091220230610,,0,
76,0000000072022091220230610,0000200392022091220230610,,0,
76,0000000072022091220230610,0000200402022091220230610,,0,
76,0000000072022091220230610,0000200412022091220230610,,0,
76,0000000072022091220230610,0000200412022091220230610,,0,
76,0000000072022091220230610,0000200422022091220230610,,0,
76,0000000072022091220230610,0000200432022091220230610,,0,
76,0000000072022091220230610,0000200432022091220230610,,0,
76,0000000072022091220230610,0000200442022091220230610,,0,
72,0000000072022091220221221,0000200452022091220221221,,0,
72,0000000072023010920230405,0000200452023010920230405,,0,
72,0000000072023041120230610,0000200452023041120230610,,0,
72,0000000072022091220221221,0000200462022091220221221,,1,
72,0000000072023010920230405,0000200462023010920230405,,1,
72,0000000072023041120230610,0000200462023041120230610,,1,
72,0000000072022091220221221,0000200472022091220221221,,0,
72,0000000072023010920230405,0000200472023010920230405,,0,
72,0000000072023041120230610,0000200472023041120230610,,0,
72,0000000072022091220221221,0000200482022091220221221,,1,
72,0000000072023010920230405,0000200482023010920230405,,1,
72,0000000072023041120230610,0000200482023041120230610,,1,
72,0000000072022091220221221,0000200492022091220221221,,0,
72,0000000072023010920230405,0000200492023010920230405,,0,
72,0000000072023041120230610,0000200492023041120230610,,0,
72,0000000072022091220221221,0000200502022091220221221,,1,
72,0000000072023010920230405,0000200502023010920230405,,1,
72,0000000072023041120230610,0000200502023041120230610,,1,
44,0000000022022061220230610,0000200512022061220230610,,0,
44,0000000022022061220230610,0000200522022061220230610,,1,
44,0000000022022061220230610,0000200532022061220230610,,0,
44,0000000022022061220230610,0000200542022061220230610,,0,
44,0000000022022061220230610,0000200552022061220230610,,0,
44,0000000022022061220230610,0000200562022061220230610,,0,
44,0000000022022061220230610,0000200572022061220230610,,0,
44,0000000022022061220230610,0000200582022061220230610,,0,
44,0000000022022061220230610,0000200592022061220230610,,0,
44,0000000022022061220230610,0000200602022061220230610,,0,
44,0000000022022061220230610,0000200612022061220230610,,0,
44,0000000022022061220230610,0000200622022061220230610,,0,
44,0000000022022061220230610,0000200632022061220230610,,0,
44,0000000022022061220230610,0000200642022061220230610,,0,
44,0000000022022061220230610,0000200652022061220230610,,0,
44,0000000022022061220230610,0000200662022061220230610,,0,
44,0000000022022061220230610,0000200672022061220230610,,0,
44,0000000022022061220230610,0000200682022061220230610,,0,
44,0000000022022061220230610,0000200692022061220230610,,0,
44,0000000022022061220230610,0000200702022061220230610,,0,
44,0000000022022061220230610,0000200712022061220230610,,0,
44,0000000022022061220230610,0000200722022061220230610,,1,
44,0000000022022061220230610,0000200732022061220230610,,1,
44,0000000022022061220230610,0000200742022061220230610,,1,
44,0000000022022061220230610,0000200752022061220230610,,1,
44,0000000022022061220230610,0000200762022061220230610,,1,
44,0000000022022061220230610,0000200772022061220230610,,1,
44,0000000022022061220230610,0000200782022061220230610,,1,
44,0000000022022061220230610,0000200792022061220230610,,1,
44,0000000022022061220230610,0000200802022061220230610,,1,
44,0000000022022061220230610,0000200812022061220230610,,1,
44,0000000022022061220230610,0000200822022061220230610,,1,
44,0000000022022061220230610,0000200832022061220230610,,1,
44,0000000022022061220230610,0000200842022061220230610,,1,
44,0000000022022061220230610,0000200852022061220230610,,1,
44,0000000022022061220230610,0000200862022061220230610,,1,
44,0000000022022061220230610,0000200872022061220230610,,1,
44,0000000022022061220230610,0000200882022061220230610,,1,
44,0000000022022061220230610,0000200892022061220230610,,1,
44,0000000022022061220230610,0000200902022061220230610,,1,
48,0000000022022061220230610,0000200912022061220230610,,0,
48,0000000022022061220230610,0000200922022061220230610,,0,
48,0000000022022061220230610,0000200932022061220230610,,0,
48,0000000022022061220230610,0000200942022061220230610,,0,
48,0000000022022061220230610,0000200952022061220230610,,0,
48,0000000022022061220230610,0000200962022061220230610,,0,
48,0000000022022061220230610,0000200972022061220230610,,0,
48,0000000022022061220230610,0000200982022061220230610,,0,
48,0000000022022061220230610,0000200992022061220230610,,0,
48,0000000022022061220230610,0000201002022061220230610,,0,
48,0000000022022061220230610,0000201012022061220230610,,0,
48,0000000022022061220230610,0000201022022061220230610,,0,
48,0000000022022061220230610,0000201032022061220230610,,0,
48,0000000022022061220230610,0000201042022061220230610,,0,
48,0000000022022061220230610,0000201052022061220230610,,0,
48,0000000022022061220230610,0000201062022061220230610,,0,
48,0000000022022061220230610,0000201072022061220230610,,0,
48,0000000022022061220230610,0000201082022061220230610,,0,
48,0000000022022061220230610,0000201092022061220230610,,0,
48,0000000022022061220230610,0000201102022061220230610,,0,
48,0000000022022061220230610,0000201112022061220230610,,1,
48,0000000022022061220230610,0000201122022061220230610,,1,
48,0000000022022061220230610,0000201132022061220230610,,1,
48,0000000022022061220230610,0000201142022061220230610,,1,
48,0000000022022061220230610,0000201152022061220230610,,1,
48,0000000022022061220230610,0000201162022061220230610,,1,
48,0000000022022061220230610,0000201172022061220230610,,1,
48,0000000022022061220230610,0000201182022061220230610,,1,
48,0000000022022061220230610,0000201192022061220230610,,1,
48,0000000022022061220230610,0000201202022061220230610,,1,
48,0000000022022061220230610,0000201212022061220230610,,1,
48,0000000022022061220230610,0000201222022061220230610,,1,
48,0000000022022061220230610,0000201232022061220230610,,1,
48,0000000022022061220230610,0000201242022061220230610,,1,
48,0000000022022061220230610,0000201252022061220230610,,1,
48,0000000022022061220230610,0000201262022061220230610,,1,
48,0000000022022061220230610,0000201272022061220230610,,1,
48,0000000022022061220230610,0000201282022061220230610,,1,
48,0000000022022061220230610,0000201292022061220230610,,1,
48,0000000022022061220230610,0000201302022061220230610,,1,
51,0000000022022061220230610,0000201312022061220230610,,0,
51,0000000022022061220230610,0000201322022061220230610,,0,
51,0000000022022061220230610,0000201332022061220230610,,0,
51,0000000022022061220230610,0000201342022061220230610,,0,
51,0000000022022061220230610,0000201352022061220230610,,0,
51,0000000022022061220230610,0000201362022061220230610,,0,
51,0000000022022061220230610,0000201372022061220230610,,0,
51,0000000022022061220230610,0000201382022061220230610,,0,
51,0000000022022061220230610,0000201392022061220230610,,0,
51,0000000022022061220230610,0000201402022061220230610,,0,
51,0000000022022061220230610,0000201412022061220230610,,0,
51,0000000022022061220230610,0000201422022061220230610,,0,
51,0000000022022061220230610,0000201432022061220230610,,0,
51,0000000022022061220230610,0000201442022061220230610,,0,
51,0000000022022061220230610,0000201452022061220230610,,0,
51,0000000022022061220230610,0000201462022061220230610,,0,
51,0000000022022061220230610,0000201472022061220230610,,0,
51,0000000022022061220230610,0000201482022061220230610,,0,
51,0000000022022061220230610,0000201492022061220230610,,0,
51,0000000022022061220230610,0000201502022061220230610,,0,
51,0000000022022061220230610,0000201512022061220230610,,1,
51,0000000022022061220230610,0000201522022061220230610,,1,
51,0000000022022061220230610,0000201532022061220230610,,1,
51,0000000022022061220230610,0000201542022061220230610,,1,
51,0000000022022061220230610,0000201552022061220230610,,1,
51,0000000022022061220230610,0000201562022061220230610,,1,
51,0000000022022061220230610,0000201572022061220230610,,1,
51,0000000022022061220230610,0000201582022061220230610,,1,
51,0000000022022061220230610,0000201592022061220230610,,1,
51,0000000022022061220230610,0000201602022061220230610,,1,
51,0000000022022061220230610,0000201612022061220230610,,1,
51,0000000022022061220230610,0000201622022061220230610,,1,
51,0000000022022061220230610,0000201632022061220230610,,1,
51,0000000022022061220230610,0000201642022061220230610,,1,
51,0000000022022061220230610,0000201652022061220230610,,1,
51,0000000022022061220230610,0000201662022061220230610,,1,
51,0000000022022061220230610,0000201672022061220230610,,1,
51,0000000022022061220230610,0000201682022061220230610,,1,
51,0000000022022061220230610,0000201692022061220230610,,1,
51,0000000022022061220230610,0000201702022061220230610,,1,
55,0000000022022061220230610,0000201712022061220230610,,0,
55,0000000022022061220230610,0000201722022061220230610,,0,
55,0000000022022061220230610,0000201732022061220230610,,0,
55,0000000022022061220230610,0000201742022061220230610,,0,
55,0000000022022061220230610,0000201752022061220230610,,0,
55,0000000022022061220230610,0000201762022061220230610,,0,
55,0000000022022061220230610,0000201772022061220230610,,0,
55,0000000022022061220230610,0000201782022061220230610,,0,
55,0000000022022061220230610,0000201792022061220230610,,0,
55,0000000022022061220230610,0000201802022061220230610,,0,
55,0000000022022061220230610,0000201812022061220230610,,0,
55,0000000022022061220230610,0000201822022061220230610,,0,
55,0000000022022061220230610,0000201832022061220230610,,0,
55,0000000022022061220230610,0000201842022061220230610,,0,
55,0000000022022061220230610,0000201852022061220230610,,0,
55,0000000022022061220230610,0000201862022061220230610,,0,
55,0000000022022061220230610,0000201872022061220230610,,0,
55,0000000022022061220230610,0000201882022061220230610,,0,
55,0000000022022061220230610,0000201892022061220230610,,0,
55,0000000022022061220230610,0000201902022061220230610,,0,
55,0000000022022061220230610,0000201912022061220230610,,1,
55,0000000022022061220230610,0000201932022061220230610,,1,
55,0000000022022061220230610,0000201942022061220230610,,1,
55,0000000022022061220230610,0000201952022061220230610,,1,
55,0000000022022061220230610,0000201962022061220230610,,1,
55,0000000022022061220230610,0000201972022061220230610,,1,
55,0000000022022061220230610,0000201982022061220230610,,1,
55,0000000022022061220230610,0000201992022061220230610,,1,
55,0000000022022061220230610,0000202002022061220230610,,1,
55,0000000022022061220230610,0000202012022061220230610,,1,
55,0000000022022061220230610,0000202022022061220230610,,1,
55,0000000022022061220230610,0000202032022061220230610,,1,
55,0000000022022061220230610,0000202042022061220230610,,1,
55,0000000022022061220230610,0000202052022061220230610,,1,
55,0000000022022061220230610,0000202062022061220230610,,1,
55,0000000022022061220230610,0000202072022061220230610,,1,
55,0000000022022061220230610,0000202082022061220230610,,1,
55,0000000022022061220230610,0000202092022061220230610,,1,
55,0000000022022061220230610,0000202102022061220230610,,1,
55,0000000022022061220230610,0000202112022061220230610,,1,
58,0000000022022061220230610,0000202122022061220230610,,0,
58,0000000022022061220230610,0000202132022061220230610,,1,
58,0000000022022061220230610,0000202142022061220230610,,0,
58,0000000022022061220230610,0000202152022061220230610,,0,
58,0000000022022061220230610,0000202162022061220230610,,0,
58,0000000022022061220230610,0000202172022061220230610,,0,
58,0000000022022061220230610,0000202182022061220230610,,0,
58,0000000022022061220230610,0000202192022061220230610,,0,
58,0000000022022061220230610,0000202202022061220230610,,0,
58,0000000022022061220230610,0000202212022061220230610,,0,
58,0000000022022061220230610,0000202222022061220230610,,0,
58,0000000022022061220230610,0000202232022061220230610,,0,
58,0000000022022061220230610,0000202242022061220230610,,0,
58,0000000022022061220230610,0000202252022061220230610,,0,
58,0000000022022061220230610,0000202262022061220230610,,0,
58,0000000022022061220230610,0000202272022061220230610,,0,
58,0000000022022061220230610,0000202282022061220230610,,0,
58,0000000022022061220230610,0000202292022061220230610,,0,
58,0000000022022061220230610,0000202302022061220230610,,0,
58,0000000022022061220230610,0000202312022061220230610,,0,
58,0000000022022061220230610,0000202322022061220230610,,0,
58,0000000022022061220230610,0000202332022061220230610,,1,
58,0000000022022061220230610,0000202342022061220230610,,1,
58,0000000022022061220230610,0000202352022061220230610,,1,
58,0000000022022061220230610,0000202362022061220230610,,1,
58,0000000022022061220230610,0000202372022061220230610,,1,
58,0000000022022061220230610,0000202382022061220230610,,1,
58,0000000022022061220230610,0000202392022061220230610,,1,
58,0000000022022061220230610,0000202402022061220230610,,1,
58,0000000022022061220230610,0000202412022061220230610,,1,
58,0000000022022061220230610,0000202422022061220230610,,1,
58,0000000022022061220230610,0000202432022061220230610,,1,
58,0000000022022061220230610,0000202442022061220230610,,1,
58,0000000022022061220230610,0000202452022061220230610,,1,
58,0000000022022061220230610,0000202462022061220230610,,1,
58,0000000022022061220230610,0000202472022061220230610,,1,
58,0000000022022061220230610,0000202482022061220230610,,1,
58,0000000022022061220230610,0000202492022061220230610,,1,
58,0000000022022061220230610,0000202502022061220230610,,1,
64,0000000022022061220230610,0000202522022061220230610,,0,
64,0000000022022061220230610,0000202542022061220230610,,1,
64,0000000022022061220230210,0000202552022061220230210,,0,
64,0000000022022061220230610,0000202562022061220230610,,0,
64,0000000022022061220230610,0000202572022061220230610,,0,
64,0000000022022061220230610,0000202582022061220230610,,0,
64,0000000022022061220230610,0000202592022061220230610,,0,
64,0000000022022061220230610,0000202602022061220230610,,0,
64,0000000022022061220230610,0000202612022061220230610,,0,
64,0000000022022061220230610,0000202622022061220230610,,0,
64,0000000022022061220230610,0000202632022061220230610,,0,
64,0000000022022061220230610,0000202642022061220230610,,0,
64,0000000022022061220230610,0000202652022061220230610,,0,
64,0000000022022061220230610,0000202662022061220230610,,0,
64,0000000022022061220230610,0000202672022061220230610,,1,
64,0000000022022061220230610,0000202682022061220230610,,1,
64,0000000022022061220230610,0000202692022061220230610,,1,
64,0000000022022061220230610,0000202702022061220230610,,1,
64,0000000022022061220230610,0000202712022061220230610,,1,
64,0000000022022061220230610,0000202722022061220230610,,1,
64,0000000022022061220230610,0000202732022061220230610,,1,
64,0000000022022061220230610,0000202742022061220230610,,1,
64,0000000022022061220230610,0000202752022061220230610,,1,
64,0000000022022061220230610,0000202762022061220230610,,1,
64,0000000022022061220230610,0000202772022061220230610,,1,
64,0000000022022061220230610,0000202782022061220230610,,1,
42,0000000072022061220230610,0000202792022061220230610,,0,
42,0000000072022061220230610,0000202802022061220230610,,0,
43,0000000072022061220230610,0000202812022061220230610,,0,
43,0000000072022061220230610,0000202822022061220230610,,0,
40,0000000172022061220230610,0000202832022061220230610,,0,
40,0000000072022061220220630,0000202842022061220220630,,0,
40,0000000072022070120220831,0000202842022070120220831,,0,
40,0000000172022061220230610,0000202852022061220230610,,0,
40,0000000172022061220230610,0000202862022061220230610,,1,
40,0000000072022061220220630,0000202872022061220220630,,1,
40,0000000072022090120230610,0000202872022090120230610,,1,
40,0000000172022061220230610,0000202882022061220230610,,1,
64,0000000072022080120220831,0000202892022080120220831,,0,
64,0000000072022080120220831,0000202902022080120220831,,0,
64,0000000072022080120220831,0000202912022080120220831,,0,
64,0000000072022080120220831,0000202922022080120220831,,0,
64,0000000072021080120220831,0000202932021080120220831,,0,
64,0000000072022080120220831,0000202942022080120220831,,0,
64,0000000072021080120220831,0000202952021080120220831,,0,
64,0000000072022080120220831,0000202962022080120220831,,0,
64,0000000072022080120220831,0000202972022080120220831,,0,
64,0000000072022080120220831,0000202982022080120220831,,0,
64,0000000072022080120220831,0000202992022080120220831,,0,
64,0000000072022080120220831,0000203002022080120220831,,0,
64,0000000072022080120220831,0000203012022080120220831,,0,
64,0000000072022080120220831,0000203022022080120220831,,0,
64,0000000022022080120220831,0000203032022080120220831,,1,
64,0000000072022080120220831,0000203042022080120220831,,1,
64,0000000072022080120220831,0000203052022080120220831,,1,
64,0000000072022080120220831,0000203062022080120220831,,1,
64,0000000072022080120220831,0000203072022080120220831,,1,
64,0000000072022080120220831,0000203082022080120220831,,1,
64,0000000072022080120220831,0000203092022080120220831,,1,
64,0000000072022080120220831,0000203102022080120220831,,1,
64,0000000072022080120220831,0000203112022080120220831,,1,
64,0000000072022080120220831,0000203122022080120220831,,1,
64,0000000072022080120220831,0000203132022080120220831,,1,
64,0000000072022080120220831,0000203142022080120220831,,1,
64,0000000072022080120220831,0000203152022080120220831,,1,
64,0000000072022080120220831,0000203162022080120220831,,1,
46,0000000172022070120220831,0000203172022070120220831,,0,
46,0000000172022070120220831,0000203182022070120220831,,0,
46,0000000172022070120220831,0000203192022070120220831,,0,
46,0000000172022070120220831,0000203202022070120220831,,0,
46,0000000172022070120220831,0000203212022070120220831,,0,
46,0000000172022070120220831,0000203222022070120220831,,1,
46,0000000172022070120220831,0000203232022070120220831,,1,
46,0000000172022070120220831,0000203242022070120220831,,1,
46,0000000172022070120220831,0000203252022070120220831,,1,
46,0000000172022070120220831,0000203262022070120220831,,1,
46,0000000022022070120220831,0000203272022070120220831,,0,
46,0000000022022070120230831,0000203282022070120230831,,1,
46,0000000022022070120220831,0000203292022070120220831,,0,
46,0000000022022070120220831,0000203302022070120220831,,1,
46,0000000022022070120220831,0000203312022070120220831,,0,
46,0000000022022080120220831,0000203322022080120220831,,1,
46,0000000022022070120220831,0000203332022070120220831,,0,
46,0000000022022070120220831,0000203342022070120220831,,1,
46,0000000022022070120220831,0000203352022070120220831,,0,
46,0000000022022070120220831,0000203362022070120220831,,1,
46,0000000022022070120220831,0000203372022070120220831,,0,
46,0000000022022070120220831,0000203382022070120220831,,1,
92,0000000072022061220220911,0000203402022061220220911,,0,
92,0000000172022061220220911,0000203412022061220220911,,0,
92,0000000172022061220220911,0000203422022061220220911,,0,
92,0000000172022061220220911,0000203432022061220220911,,0,
92,0000000172022061220220911,0000203442022061220220911,,0,
92,0000000172022061220220911,0000203452022061220220911,,0,
92,0000000172022061220220911,0000203462022061220220911,,0,
92,0000000172022061220220911,0000203472022061220220911,,0,
92,0000000172022061220220911,0000203482022061220220911,,0,
92,0000000172022061220220911,0000203492022061220220911,,0,
92,0000000072022061220220911,0000203502022061220220911,,0,
92,0000000172022061220220911,0000203512022061220220911,,0,
92,0000000172022061220220911,0000203522022061220220911,,0,
92,0000000172022061220220911,0000203532022061220220911,,0,
92,0000000172022061220220911,0000203542022061220220911,,0,
92,0000000172022061220220911,0000203552022061220220911,,0,
92,0000000172022061220220911,0000203562022061220220911,,0,
92,0000000172022061220220911,0000203572022061220220911,,0,
92,0000000172022061220220911,0000203582022061220220911,,0,
92,0000000172022061220220911,0000203592022061220220911,,0,
68,0000000172022061220220911,0000203602022061220220911,,0,
68,0000000172022061220220911,0000203612022061220220911,,0,
68,0000000172022061220220911,0000203622022061220220911,,0,
68,0000000172022061220220911,0000203632022061220220911,,0,
68,0000000172022061220220911,0000203642022061220220911,,0,
68,0000000172022061220220911,0000203652022061220220911,,0,
68,0000000172022061220220911,0000203662022061220220911,,0,
68,0000000172022061220220911,0000203672022061220220911,,0,
68,0000000172022061220220911,0000203682022061220220911,,0,
68,0000000172022061220220911,0000203692022061220220911,,0,
68,0000000172022061220220911,0000203702022061220220911,,0,
68,0000000172022061220220911,0000203712022061220220911,,0,
68,0000000172022061220220911,0000203722022061220220911,,0,
68,0000000172022061220220911,0000203732022061220220911,,0,
68,0000000172022061220220911,0000203742022061220220911,,0,
68,0000000172022061220220911,0000203752022061220220911,,0,
68,0000000172022061220220911,0000203762022061220220911,,0,
68,0000000172022061220220911,0000203772022061220220911,,0,
68,0000000172022061220220911,0000203782022061220220911,,0,
68,0000000172022061220220911,0000203792022061220220911,,0,
68,0000000172022061220220911,0000203802022061220220911,,0,
68,0000000172022061220220911,0000203812022061220220911,,0,
68,0000000172022061220220911,0000203822022061220220911,,0,
68,0000000172022061220220911,0000203832022061220220911,,0,
68,0000000172022061220220911,0000203842022061220220911,,0,
68,0000000172022061220220911,0000203852022061220220911,,0,
89,0000000172022061220220911,0000203862022061220220911,,0,
89,0000000172022061220220911,0000203872022061220220911,,0,
89,0000000172022061220220911,0000203882022061220220911,,0,
89,0000000172022061220220911,0000203892022061220220911,,0,
89,0000000172022061220220911,0000203902022061220220911,,0,
89,0000000172022061220220911,0000203912022061220220911,,0,
89,0000000172022061220220911,0000203922022061220220911,,0,
89,0000000172022061220220911,0000203932022061220220911,,0,
89,0000000172022061220220911,0000203942022061220220911,,0,
89,0000000172022061220220911,0000203952022061220220911,,0,
89,0000000172022061220220911,0000203962022061220220911,,0,
89,0000000172022061220220911,0000203972022061220220911,,0,
76,0000000022022091220230610,0000213712022091220230610,,0,
76,0000000022022091220230610,0000213722022091220230610,,0,
76,0000000022022091220230610,0000213732022091220230610,,0,
76,0000000022022091220230610,0000213742022091220230610,,0,
76,0000000022022091220230610,0000213752022091220230610,,0,
76,0000000022022091220230610,0000213762022091220230610,,0,
76,0000000022022091220230610,0000213772022091220230610,,0,
76,0000000022022091220230610,0000213782022091220230610,,0,
90,0000000172022061220220911,0000213802022061220220911,,0,
90,0000000172022061220220911,0000213812022061220220911,,1,
90,0000000172022061220220911,0000213822022061220220911,,0,
90,0000000172022061220220911,0000213832022061220220911,,1,
90,0000000172022061220220911,0000213892022061220220911,,0,
90,0000000172022061220220911,0000213902022061220220911,,0,
90,0000000172022061220220911,0000213912022061220220911,,0,
90,0000000172022061220220911,0000213922022061220220911,,0,
90,0000000172022061220220911,0000213932022061220220911,,0,
90,0000000172022061220220911,0000213942022061220220911,,0,
90,0000000172022061220220911,0000213952022061220220911,,0,
90,0000000172022061220220911,0000213962022061220220911,,0,
90,0000000172022061220220911,0000213972022061220220911,,0,
90,0000000172022061220220911,0000213982022061220220911,,0,
90,0000000172022061220220911,0000213992022061220220911,,0,
90,0000000172022061220220911,0000214002022061220220911,,0,
90,0000000172022061220220911,0000214012022061220220911,,0,
90,0000000172022061220220911,0000214022022061220220911,,0,
90,0000000172022061220220911,0000214032022061220220911,,0,
90,0000000172022061220220911,0000214042022061220220911,,0,
90,0000000172022061220220911,0000214052022061220220911,,1,
90,0000000172022061220220911,0000214062022061220220911,,1,
90,0000000172022061220220911,0000214072022061220220911,,1,
90,0000000172022061220220911,0000214082022061220220911,,1,
90,0000000172022061220220911,0000214092022061220220911,,1,
90,0000000172022061220220911,0000214102022061220220911,,1,
90,0000000172022061220220911,0000214112022061220220911,,1,
90,0000000172022061220220911,0000214122022061220220911,,1,
90,0000000172022061220220911,0000214132022061220220911,,1,
90,0000000172022061220220911,0000214142022061220220911,,1,
90,0000000172022061220220911,0000214152022061220220911,,1,
90,0000000172022061220220911,0000214162022061220220911,,1,
90,0000000172022061220220911,0000214172022061220220911,,1,
90,0000000172022061220220911,0000214182022061220220911,,1,
90,0000000172022061220220911,0000214192022061220220911,,1,
90,0000000172022061220220911,0000214202022061220220911,,1,
90,0000000172022061220220911,0000214212022061220220911,,0,
90,0000000172022061220220911,0000214222022061220220911,,1,
90,0000000172022061220220911,0000214232022061220220911,,0,
90,0000000172022061220220911,0000214242022061220220911,,1,
90,0000000172022061220220911,0000214252022061220220911,,0,
90,0000000172022061220220911,0000214262022061220220911,,0,
90,0000000172022061220220911,0000214272022061220220911,,0,
90,0000000172022061220220911,0000214282022061220220911,,1,
90,0000000172022061220220911,0000214292022061220220911,,1,
90,0000000172022061220220911,0000214302022061220220911,,1,
90,0000000172022061220220911,0000214312022061220220911,,0,
90,0000000172022061220220911,0000214322022061220220911,,1,
58,0000000072022061220230610,0000214332022061220230610,,0,
40,0000000172022070120220831,0000214342022070120220831,,0,
40,0000000172022070120220831,0000214352022070120220831,,0,
40,0000000172022070120220831,0000214362022070120220831,,0,
40,0000000172022070120220831,0000214372022070120220831,,0,
40,0000000172022070120220831,0000214382022070120220831,,0,
40,0000000172022070120220831,0000214392022070120220831,,0,
40,0000000172022070120220831,0000214402022070120220831,,1,
40,0000000172022070120220831,0000214412022070120220831,,1,
40,0000000172022070120220831,0000214422022070120220831,,1,
40,0000000172022070120220831,0000214432022070120220831,,1,
40,0000000172022070120220831,0000214442022070120220831,,1,
40,0000000172022070120220831,0000214452022070120220831,,1,
40,0000000172022070120220831,0000214462022070120220831,,0,
40,0000000172022070120220831,0000214472022070120220831,,0,
40,0000000172022070120220831,0000214482022070120220831,,0,
40,0000000172022070120220831,0000214492022070120220831,,0,
40,0000000172022070120220831,0000214502022070120220831,,0,
40,0000000172022070120220831,0000214512022070120220831,,0,
40,0000000172022070120220831,0000214522022070120220831,,0,
40,0000000172022070120220831,0000214532022070120220831,,1,
40,0000000172022070120220831,0000214542022070120220831,,1,
40,0000000172022070120220831,0000214552022070120220831,,1,
40,0000000172022070120220831,0000214562022070120220831,,1,
40,0000000172022070120220831,0000214572022070120220831,,1,
40,0000000172022070120220831,0000214582022070120220831,,1,
40,0000000172022070120220831,0000214592022070120220831,,1,
